@relation collapseWav

@attribute chroma_stft numeric
@attribute spectral_centroid numeric
@attribute spectral_bandwidth numeric	
@attribute rolloff numeric
@attribute zero_crossing_rate numeric
@attribute mfcc1 numeric
@attribute mfcc2 numeric
@attribute mfcc3 numeric
@attribute mfcc4 numeric
@attribute mfcc5 numeric
@attribute mfcc6 numeric
@attribute mfcc7 numeric
@attribute mfcc8 numeric
@attribute mfcc9 numeric
@attribute mfcc10 numeric
@attribute mfcc11 numeric
@attribute mfcc12 numeric
@attribute mfcc13 numeric
@attribute mfcc14 numeric
@attribute mfcc15 numeric
@attribute mfcc16 numeric
@attribute mfcc17 numeric
@attribute mfcc18 numeric
@attribute mfcc19 numeric
@attribute mfcc20 numeric
@attribute label {trusted}

@data
0.129805997	1298.909572	1260.664595	1603.973634	0.092760966	-56.61236954	165.3312225	-46.84519196	-35.79478073	-35.50505447	1.109764457	1.927453995	-1.367171049	-16.21295166	-6.343550682	-6.659962654	0.409371018	-13.96359825	7.399804115	7.278502464	0.07974419	-20.73288918	-2.04036665	5.890011311	-0.631462395	trusted
0.129574403	1298.16967	1258.995329	1601.890314	0.0927621	-57.05740738	165.1632538	-46.82601547	-35.82977676	-35.46587753	1.096385241	2.04789114	-1.266095281	-16.08814049	-6.407073975	-6.731910706	0.38643086	-13.76663208	7.51762104	7.389252186	0.122212604	-20.65263748	-2.126477957	5.836076736	-0.611350417	trusted
0.129605234	1298.047307	1258.756236	1602.098646	0.092760966	-57.05068588	165.2707977	-46.87426376	-35.80017471	-35.49301147	1.157509565	2.053692818	-1.166437864	-16.07641602	-6.340429783	-6.765014172	0.397571951	-13.86046982	7.434008121	7.179551601	0.053158112	-20.66424179	-2.018474102	5.873037815	-0.466526002	trusted
0.129467249	1297.562117	1257.83242	1602.390311	0.0927621	-56.77035522	165.2487946	-46.86828995	-35.79953384	-35.47444916	1.121487498	1.937717676	-1.290098786	-16.16743851	-6.340569973	-6.741439342	0.389474034	-13.95012569	7.237715721	7.060315609	-0.070868619	-20.75777245	-1.957470059	5.976064205	-0.299403548	trusted
0.129802853	1298.927272	1260.678693	1603.948634	0.092760966	-56.59902191	165.2620544	-46.78528976	-35.84929657	-35.45244598	1.053340554	1.978716254	-1.428767562	-16.16481018	-6.395989895	-6.599481583	0.354924291	-13.9151268	7.345955372	7.335709095	0.027287131	-20.68243027	-2.094838858	5.943140984	-0.693413377	trusted
0.129781902	1299.562125	1261.931538	1605.548625	0.0927621	-56.65845108	165.1672363	-46.78459549	-35.77492523	-35.55270004	1.047317386	1.796774983	-1.567417145	-16.36825943	-6.349978447	-6.580583096	0.44039318	-14.07271957	7.39671278	7.351910114	0.123440996	-20.80266571	-2.056321144	5.866928101	-0.840441167	trusted
0.129531577	1297.849706	1258.355749	1602.940307	0.092761722	-56.96681595	165.1790619	-46.80625534	-35.82100677	-35.4652977	1.09589982	1.913583279	-1.339035392	-16.16257858	-6.324086189	-6.686314106	0.365251005	-14.03114414	7.145249367	6.976973534	-0.133901685	-20.73910141	-1.934941053	6.021947861	-0.382117033	trusted
0.129535988	1297.426817	1257.529586	1600.590321	0.092760588	-57.01213455	165.2625885	-46.90306473	-35.79328918	-35.48742676	1.206937671	2.111748695	-1.025130033	-16.01951408	-6.341189861	-6.84239006	0.388198555	-13.78437138	7.450007915	7.165174961	0.052020118	-20.67309189	-2.024434566	5.802704334	-0.3846533	trusted
0.129613936	1298.089578	1258.841452	1602.190312	0.092760966	-57.07275009	165.305191	-46.91149139	-35.75786209	-35.53518677	1.193065047	2.002722979	-1.143131137	-16.13264084	-6.298365593	-6.795460224	0.437502265	-13.91253281	7.471571445	7.147442818	0.093195699	-20.71408463	-1.976931691	5.843313694	-0.425077498	trusted
0.129466206	1297.35011	1257.351936	1600.931986	0.092760966	-57.16612625	165.2209167	-46.84419632	-35.81477356	-35.48639679	1.176621795	2.084693432	-1.068024516	-16.0384903	-6.345393181	-6.824050903	0.383358926	-13.82812786	7.380394459	7.095178604	-0.003772157	-20.67048073	-1.975500345	5.899877071	-0.282304138	trusted
0.129469126	1297.311673	1257.267271	1600.881986	0.092760966	-57.20211411	165.2702484	-46.88930511	-35.77217484	-35.52828598	1.224196076	2.050868511	-1.009952903	-16.07003403	-6.303555012	-6.874844074	0.424032867	-13.86369228	7.421643734	7.042114735	0.034597676	-20.70498085	-1.930764914	5.859405518	-0.223682508	trusted
0.129640579	1298.279791	1259.246442	1603.265305	0.092762478	-56.95278168	165.2570801	-46.89673233	-35.73666763	-35.57116699	1.207348347	1.967987299	-1.154542565	-16.18117905	-6.294448853	-6.806112289	0.43878901	-13.9457283	7.462792397	7.164557457	0.115391284	-20.752388	-1.968349814	5.802188873	-0.474274665	trusted
0.12947093	1297.611852	1257.751388	1602.456977	0.092760588	-56.90750122	165.2496185	-46.856884	-35.80544662	-35.48657227	1.161089182	2.026380301	-1.142991066	-16.07661438	-6.333179474	-6.79516983	0.373124123	-13.92074013	7.232163429	6.974625111	-0.089709967	-20.70107269	-1.938234687	5.957057953	-0.224447146	trusted
0.129582554	1298.283002	1259.276076	1602.081979	0.092761344	-57.28460693	165.1781006	-46.81747055	-35.81005859	-35.49255753	1.087145209	1.949762225	-1.354818106	-16.1848526	-6.387563229	-6.708298206	0.420177072	-13.83175278	7.521954536	7.356990814	0.11741709	-20.71807861	-2.100167274	5.906005859	-0.483624488	trusted
0.129470512	1297.39149	1257.445899	1601.081985	0.092760966	-57.21091461	165.2864685	-46.91086197	-35.74197769	-35.55870438	1.240632653	1.999492049	-1.017595172	-16.12396049	-6.273114204	-6.884800434	0.451464355	-13.91808033	7.42802906	7.008059025	0.051791873	-20.74711609	-1.89760232	5.846150398	-0.207221612	trusted
0.12981528	1298.604016	1259.8525	1603.715303	0.092762478	-56.95692825	165.2338257	-46.885952	-35.75820923	-35.55502319	1.174900055	1.953539252	-1.255369782	-16.19500923	-6.320882797	-6.743310928	0.437815577	-13.90887737	7.521872997	7.275385857	0.135386929	-20.71930313	-2.034739733	5.787815571	-0.583933711	trusted
0.129822269	1298.994928	1260.835945	1604.131967	0.092760966	-56.65972519	165.3923645	-46.91076279	-35.72090149	-35.58016205	1.175114155	1.84165895	-1.313517332	-16.29754257	-6.269608498	-6.721268654	0.480902225	-14.04687977	7.465132713	7.20819664	0.149338499	-20.80861473	-1.967654347	5.826552868	-0.570803046	trusted
0.129631996	1298.241214	1259.120832	1602.773642	0.092761722	-57.01101685	165.2404022	-46.8368454	-35.80551147	-35.50637436	1.15222168	2.10260129	-1.151404977	-16.03545189	-6.339327335	-6.751034737	0.332535237	-13.96764469	7.208467484	6.95811224	-0.092081241	-20.59653473	-1.957107544	5.845625401	-0.627640724	trusted
0.129828885	1299.141852	1261.203115	1605.373626	0.092761722	-56.89171219	165.2972107	-46.91028214	-35.70457458	-35.60202789	1.162927151	1.748868465	-1.397319913	-16.40909767	-6.256344795	-6.697435856	0.522351563	-14.08482647	7.536912918	7.282107353	0.190603256	-20.91693497	-1.970347285	5.902798176	-0.434944183	trusted
0.129752994	1298.489079	1259.474744	1603.131973	0.092760966	-56.78076553	165.3283997	-46.92743683	-35.72081375	-35.59248734	1.216545343	1.940229535	-1.16756475	-16.20300484	-6.280323982	-6.811001778	0.49036184	-13.92743683	7.566008568	7.239472389	0.181230694	-20.77574158	-1.99202764	5.76568985	-0.501626432	trusted
0.129525647	1297.534485	1257.604189	1601.431983	0.092761722	-57.10371017	165.2228394	-46.83176041	-35.81297302	-35.49525833	1.202438474	2.156885386	-1.010485172	-15.95613289	-6.320333481	-6.818703175	0.335073173	-13.91919327	7.165884018	6.844035149	-0.148226455	-20.58827591	-1.919511437	5.841488838	-0.458298534	trusted
0.129779309	1298.989967	1260.801743	1604.481965	0.0927621	-56.69215012	165.2276764	-46.81323624	-35.79121399	-35.52769852	1.128970504	1.99081111	-1.286787868	-16.16368675	-6.339708805	-6.68687582	0.384742111	-13.99649239	7.321151733	7.155463696	0.021960717	-20.69048309	-2.00746417	5.849347115	-0.726034164	trusted
0.129469946	1297.636982	1257.800616	1602.54031	0.092760588	-56.85715103	165.1547699	-46.7614975	-35.89841461	-35.39586639	1.064407468	2.109761953	-1.248978019	-15.99471092	-6.425463676	-6.69759655	0.281182081	-13.83902168	7.136788845	7.065124512	-0.181752205	-20.61409187	-2.027630329	6.048742294	-0.325870961	trusted
0.129776239	1298.749439	1260.13936	1603.848635	0.092762856	-56.73519135	165.2510376	-46.83986282	-35.79423523	-35.53720093	1.113831758	1.948581696	-1.358579278	-16.22313309	-6.351541519	-6.678510666	0.446843714	-13.91288376	7.537447929	7.39478302	0.164949343	-20.7568779	-2.086489439	5.847458363	-0.652203441	trusted
0.129481167	1297.650131	1257.836352	1602.581976	0.092760588	-56.90867996	165.2342834	-46.84920502	-35.80706406	-35.48551941	1.154023767	2.024274111	-1.159376025	-16.08284378	-6.337244511	-6.78401804	0.370386988	-13.92690182	7.227272987	6.98348856	-0.092968918	-20.70293808	-1.941537619	5.962320805	-0.245106608	trusted
0.129671156	1297.860341	1258.257952	1602.098646	0.092760966	-56.71936798	165.2827148	-46.82207108	-35.88993454	-35.40374756	1.118282557	2.241576195	-1.090071678	-15.87355137	-6.4120574	-6.746146679	0.284425884	-13.72528553	7.29239893	7.147557735	-0.083769336	-20.51000977	-2.070804834	5.905496597	-0.491703361	trusted
0.129614994	1298.114449	1258.861822	1602.390311	0.092761722	-57.00999069	165.1985016	-46.79626465	-35.85578156	-35.45320511	1.111795783	2.172091246	-1.164217472	-15.96263981	-6.392239571	-6.722187519	0.286429077	-13.88102245	7.192588329	7.020875931	-0.126236409	-20.53781319	-2.015947819	5.883265972	-0.642271459	trusted
0.129830971	1299.320009	1261.509636	1605.290293	0.092761344	-57.02645493	165.1003113	-46.83192062	-35.73618317	-35.59667969	1.123169661	1.800052643	-1.471069336	-16.35041618	-6.272465706	-6.616751194	0.413806111	-14.24172974	7.224286079	7.056894779	-0.002176704	-20.80312347	-1.928874969	5.886041641	-0.816312075	trusted
0.129775241	1298.650764	1260.009283	1604.715297	0.0927621	-56.52787018	165.2950287	-46.84300613	-35.8187027	-35.48879623	1.087622523	1.973682642	-1.350922823	-16.19482613	-6.382592678	-6.668539524	0.410233498	-13.85853291	7.496485233	7.402612686	0.098691486	-20.74717903	-2.083216429	5.953672409	-0.453638852	trusted
0.129487127	1297.641009	1257.819301	1602.656976	0.092760588	-56.94374084	165.2593384	-46.87552261	-35.78139496	-35.51357269	1.185420871	2.005756617	-1.118508577	-16.09822845	-6.307697296	-6.816333771	0.391547948	-13.96069241	7.233714581	6.924346447	-0.081810445	-20.72041702	-1.907192945	5.938610554	-0.211608082	trusted
0.129658282	1298.824644	1260.393402	1604.923629	0.092761344	-57.02369308	165.3001404	-46.91618347	-35.66788864	-35.62965775	1.227945685	1.793894649	-1.250742435	-16.3276844	-6.196338177	-6.775550842	0.476006329	-14.2670145	7.212060928	6.820410728	-0.002367522	-20.84661484	-1.793559432	5.849561214	-0.519573629	trusted
0.129512027	1297.671716	1257.757657	1602.048646	0.092761344	-57.19720078	165.1002502	-46.8391304	-35.78969193	-35.48638916	1.146866083	2.017017365	-1.2131387	-16.1082325	-6.33237648	-6.741257191	0.368335545	-13.96267891	7.244970322	7.003779888	-0.111423999	-20.73052788	-1.954889894	5.988275051	-0.342724025	trusted
0.129803672	1298.977409	1260.7969	1604.148633	0.092760966	-56.57024002	165.2736359	-46.79003525	-35.84450531	-35.45752716	1.051372528	1.957389116	-1.443907142	-16.18592644	-6.390367985	-6.599668503	0.362522691	-13.93318844	7.341679096	7.328782558	0.027136505	-20.69980621	-2.083062172	5.95345211	-0.674999535	trusted
0.129516587	1297.472582	1257.592001	1602.406977	0.092762478	-56.89902878	165.2718506	-46.91305923	-35.76994324	-35.49747086	1.205081105	2.047232628	-1.086727142	-16.08874702	-6.316339016	-6.832756996	0.417161494	-13.84510612	7.41884613	7.128013611	0.04115352	-20.72864914	-1.97139287	5.872813225	-0.280387372	trusted
0.129678547	1297.906849	1258.525713	1602.198645	0.092761722	-56.92974854	165.2205505	-46.86700058	-35.80153656	-35.49007416	1.158278346	2.083714247	-1.141403198	-16.07275009	-6.369683266	-6.777472019	0.412557453	-13.74015236	7.573964596	7.375617504	0.14070496	-20.68276024	-2.080852509	5.847966671	-0.418630362	trusted
0.129497662	1297.747549	1258.135815	1602.806975	0.092761722	-56.77765656	165.1395264	-46.81571579	-35.82397842	-35.44768906	1.121512651	2.013850927	-1.255724788	-16.10492134	-6.350628376	-6.717391014	0.341337353	-13.95333958	7.185448647	7.044534683	-0.118076347	-20.72327805	-1.958931088	6.006134033	-0.378827393	trusted
0.129669845	1298.339952	1259.206518	1603.265305	0.092760588	-56.70771027	165.2993469	-46.82957458	-35.84717941	-35.45447922	1.085976005	2.058881998	-1.269410372	-16.04510498	-6.379711151	-6.697399616	0.335410297	-13.86252117	7.275161743	7.15260601	-0.058636501	-20.6278038	-2.043916941	5.949465752	-0.460705072	trusted
0.129798293	1298.760463	1260.107557	1604.381965	0.092760966	-56.59441376	165.3984528	-46.93558121	-35.72565079	-35.57635117	1.209367633	1.905056715	-1.223211765	-16.24105072	-6.263843536	-6.753342152	0.460976988	-14.01772594	7.438082218	7.152616024	0.113344885	-20.78486061	-1.946418643	5.822656631	-0.50057596	trusted
0.129785597	1298.691204	1259.972931	1604.365299	0.092760966	-56.55340576	165.3270111	-46.86604309	-35.79777527	-35.5040741	1.145565867	1.98628056	-1.275154591	-16.15408897	-6.331076145	-6.693188667	0.38714242	-13.95479965	7.344275475	7.185431004	0.025669063	-20.7077198	-2.003705263	5.892395973	-0.560599625	trusted
0.129865214	1299.49697	1261.733983	1606.331953	0.092761344	-56.49154663	165.325119	-46.86786652	-35.75478745	-35.5681839	1.091060519	1.742267847	-1.562921286	-16.41075134	-6.297964096	-6.599364281	0.471277773	-14.14225006	7.416218281	7.323101521	0.135072753	-20.88453293	-2.005447865	5.948812008	-0.620035648	trusted
0.129564434	1297.398013	1257.307379	1601.781981	0.0927621	-56.88083649	165.3051758	-46.88552856	-35.80484009	-35.48874664	1.208220005	2.118207216	-1.027328372	-15.99144363	-6.334905148	-6.849385738	0.374278069	-13.81667995	7.363478661	7.077637672	-0.006817868	-20.65599442	-1.981770277	5.85239172	-0.325639844	trusted
0.129759595	1299.386872	1261.58011	1605.948622	0.092761344	-56.86391068	165.1192932	-46.83613586	-35.7187767	-35.61221695	1.11461246	1.74517107	-1.520404458	-16.4159832	-6.271729469	-6.6233778	0.458729893	-14.26982784	7.268302441	7.087613106	0.039287023	-20.87800217	-1.923756719	5.91404295	-0.73085469	trusted
0.129806772	1298.958402	1260.757948	1604.123633	0.092760966	-56.60412598	165.3075104	-46.83278275	-35.80223083	-35.49969864	1.096603036	1.929281592	-1.387050629	-16.21388245	-6.348737717	-6.644886494	0.3979837	-13.97258663	7.374463558	7.274130821	0.061784491	-20.72828674	-2.04092598	5.901626587	-0.651690841	trusted
0.129644871	1298.059185	1258.745371	1602.198645	0.092760966	-56.91241837	165.331131	-46.89786148	-35.7931633	-35.50155258	1.186061502	2.086294651	-1.090114713	-16.040308	-6.324536324	-6.799333096	0.395195961	-13.84110451	7.427155495	7.130293369	0.049158588	-20.63906288	-1.997407794	5.834993362	-0.439703405	trusted
0.129535452	1297.461627	1257.463149	1601.381983	0.092761722	-57.10305023	165.22612	-46.83388901	-35.81823349	-35.48901367	1.211319208	2.18660593	-0.976253152	-15.92034817	-6.323497772	-6.8326087	0.322392762	-13.9074831	7.143156528	6.806005001	-0.171842515	-20.56275749	-1.914180398	5.840686798	-0.443219692	trusted
0.129680634	1298.392883	1259.325897	1603.340305	0.092760588	-56.72334671	165.3371735	-46.86629868	-35.80541992	-35.49714661	1.121413112	2.005818605	-1.247755885	-16.10020065	-6.337228298	-6.726828575	0.375968248	-13.91427135	7.311424255	7.118997097	-0.019002071	-20.67683983	-2.002526045	5.919826508	-0.426036268	trusted
0.129586741	1297.700663	1258.105982	1603.02364	0.092761344	-57.03286362	165.200592	-46.80043793	-35.85976791	-35.45381546	1.11596477	2.093086243	-1.162263989	-16.03258705	-6.373515606	-6.749760628	0.326025665	-13.8860321	7.216189384	7.017458916	-0.13541995	-20.66703987	-1.977974772	6.033779621	-0.230183885	trusted
0.129628003	1298.038892	1258.784736	1603.315305	0.092761722	-56.96317673	165.2814026	-46.85582733	-35.78688431	-35.538517	1.162335992	1.947881103	-1.227328539	-16.18128014	-6.305109501	-6.748512268	0.413578749	-13.98329449	7.342757702	7.098732471	0.01139567	-20.76581955	-1.961737752	5.922686577	-0.353586853	trusted
0.129682958	1298.395711	1259.334377	1603.423638	0.092760588	-56.6968956	165.2980194	-46.8335495	-35.83801651	-35.46518326	1.087146401	2.042283535	-1.276350737	-16.0662365	-6.368490696	-6.69370079	0.34051007	-13.88377953	7.273658276	7.144397259	-0.058161378	-20.64409637	-2.030565262	5.951839924	-0.457087994	trusted
0.129640892	1298.086595	1258.764815	1602.765308	0.092760588	-56.83553696	165.4433594	-46.94770432	-35.73477554	-35.56552887	1.217880607	1.967046857	-1.100749135	-16.14287376	-6.255459309	-6.833367825	0.440993279	-13.98169804	7.363545895	6.968893528	0.024551416	-20.73553276	-1.897464871	5.864665031	-0.252555549	trusted
0.129638195	1298.06563	1258.813491	1602.51531	0.09276021	-57.03091049	165.1819916	-46.83071136	-35.79469681	-35.50945282	1.167055726	2.028780222	-1.170440912	-16.11177635	-6.335593224	-6.761022568	0.391478419	-13.92237949	7.354520321	7.124751091	0.009838707	-20.71437073	-1.98830843	5.8975811	-0.454401076	trusted
0.129669294	1298.61015	1259.868134	1603.440304	0.092761722	-57.10380173	165.1194	-46.777668	-35.82462311	-35.48423767	1.08104825	1.955962062	-1.383488178	-16.19155884	-6.394302845	-6.654791355	0.40170601	-13.86795521	7.465221882	7.359536648	0.084366404	-20.73028183	-2.114044666	5.934728146	-0.551837385	trusted
0.129768863	1299.281164	1261.393247	1605.381959	0.092762478	-56.76769257	165.1535797	-46.78551483	-35.77355194	-35.54848099	1.060603976	1.796581388	-1.549188614	-16.36869049	-6.33566618	-6.592973709	0.413933337	-14.145154	7.302775383	7.242627621	0.043015555	-20.84646225	-2.003904343	5.985432625	-0.671525002	trusted
0.129635021	1297.932918	1258.551203	1602.556976	0.0927621	-56.90788269	165.3778839	-46.93383789	-35.74672318	-35.57053375	1.240147114	2.016267776	-1.023181796	-16.10233688	-6.262802124	-6.857322216	0.438956529	-13.93673229	7.385678768	6.980222225	0.038348738	-20.70781898	-1.908273816	5.811045647	-0.299122095	trusted
0.129774228	1299.886709	1262.632841	1605.81529	0.092762478	-56.98926544	165.0454254	-46.76346207	-35.73622131	-35.61338425	1.034290552	1.615587354	-1.764608741	-16.57402229	-6.325363636	-6.530136108	0.495965242	-14.2378397	7.458710194	7.445230961	0.208613008	-20.95450592	-2.049685717	5.92467308	-0.899562955	trusted
0.129818916	1298.959734	1260.771516	1604.056967	0.092760966	-56.65438843	165.3966522	-46.91385651	-35.72158432	-35.58047104	1.178410649	1.852784157	-1.300910354	-16.28820419	-6.270929813	-6.72622776	0.479072779	-14.03622532	7.472963333	7.213741779	0.153650224	-20.80075645	-1.972585559	5.813524246	-0.577594995	trusted
0.129521161	1297.470096	1257.49469	1602.273645	0.092760588	-56.93113708	165.2610931	-46.89312363	-35.77761459	-35.5124855	1.204927087	2.051890373	-1.050460815	-16.05495644	-6.307703972	-6.844783306	0.381932884	-13.92827225	7.237319946	6.898034096	-0.087656312	-20.68441582	-1.900756121	5.905179501	-0.196238041	trusted
0.129812047	1299.052401	1260.867668	1604.681963	0.092761722	-56.95591736	165.1952515	-46.82917786	-35.7685585	-35.57713318	1.142804742	1.926949859	-1.338728547	-16.23552322	-6.317547321	-6.681690693	0.423702359	-14.0400629	7.399843216	7.217246056	0.085520305	-20.7406826	-2.014672995	5.792630196	-0.83344698	trusted
0.1294837	1297.674909	1257.895436	1602.631976	0.092760588	-56.93996811	165.2544403	-46.87121582	-35.78143311	-35.51108932	1.177568913	1.99285233	-1.143556714	-16.11266518	-6.311269283	-6.803864479	0.393643469	-13.96039772	7.244321346	6.953969955	-0.070780329	-20.72819328	-1.9176265	5.939498425	-0.231894523	trusted
0.129701927	1298.341412	1259.412048	1602.815308	0.0927621	-57.01988983	165.3323517	-46.90515518	-35.73626328	-35.57400131	1.194267154	1.950106502	-1.165423274	-16.20679283	-6.292133331	-6.791007996	0.478256643	-13.87278557	7.598445415	7.275449753	0.178177401	-20.78557777	-2.017630577	5.820366383	-0.360993177	trusted
0.129796624	1298.795586	1260.387072	1603.598637	0.092760588	-56.61704254	165.3783722	-46.92129517	-35.7360611	-35.56142807	1.171745777	1.879187107	-1.292145491	-16.27243042	-6.282565594	-6.72539854	0.471767455	-13.98341656	7.516706467	7.290462494	0.174435094	-20.80926895	-2.002259016	5.830762386	-0.52114439	trusted
